(21)
(21 33)
(18 21 33)
(18 21 33 55)
(18 21 28 33 55)
((18 21) 28 (33 55 87))
((18 21) 28 (33 55 86 87))
((18 21) 28 (33 51 55 86 87))
((18 21) 28 (33 46 51) 55 (86 87))
((18 21 26) 28 (33 46 51) 55 (86 87))
((15 18 21 26) 28 (33 46 51) 55 (86 87))
((15 18 21 26) 28 (33 46 51) 55 (65 86 87))
((15 18 21 26) 28 (33 36 46 51) 55 (65 86 87))
((7 15 18 21 26) 28 (33 36 46 51) 55 (65 86 87))
((2 7 15) 18 (21 26) 28 (33 36 46 51) 55 (65 86 87))
((2 7 15) 18 (21 26) 28 (33 36 46 51) 55 (65 79 86 87))
((2 7 15) 18 (21 26) 28 (33 36 40 46 51) 55 (65 79 86 87))
((2 7 15) 18 (21 26) 28 (33 36 40 46 51) 55 (65 78 79 86 87))
((2 7 15) 18 (21 26) 28 (33 36) 40 (46 50 51) 55 (65 78 79 86 87))
((2 7 15) 18 (21 26) 28 (33 36) 40 (46 49 50 51) 55 (65 78 79 86 87))
((2 7 15) 18 (21 26) 28 (33 36) 40 (46 49 50 51) 55 (65 69 78) 79 (86 87))
(((2 7 15) 18 (21 26) 28 (33 36 39)) 40 ((46 49 50 51) 55 (65 69 78) 79 (86 87)))
(((2 7 15) 18 (21 22 26) 28 (33 36 39)) 40 ((46 49 50 51) 55 (65 69 78) 79 (86 87)))
(((2 7 15) 18 (21 22 26) 28 (33 36 39)) 40 ((46 49 50 51) 55 (58 65 69 78) 79 (86 87)))
(((2 7 15 16) 18 (21 22 26) 28 (33 36 39)) 40 ((46 49 50 51) 55 (58 65 69 78) 79 (86 87)))
(((2 7 15 16) 18 (21 22 26) 28 (33 36 39)) 40 ((46 48 49 50 51) 55 (58 65 69 78) 79 (86 87)))
(((2 7 15 16) 18 (21 22 25 26) 28 (33 36 39)) 40 ((46 48 49 50 51) 55 (58 65 69 78) 79 (86 87)))
(((2 7 15 16) 18 (21 22 25 26) 28 (33 36 39)) 40 ((46 48 49 50 51) 55 (58 60 65 69 78) 79 (86 87)))
(((2 7 15 16) 18 (21 22 25 26) 28 (33 36 39)) 40 ((46 48 49 50 51) 55 (56 58 60) 65 (69 78) 79 (86 87)))
(((2 7 13 15 16) 18 (21 22 25 26) 28 (33 36 39)) 40 ((46 48 49 50 51) 55 (56 58 60) 65 (69 78) 79 (86 87)))
(((2 6 7) 13 (15 16) 18 (21 22 25 26) 28 (33 36 39)) 40 ((46 48 49 50 51) 55 (56 58 60) 65 (69 78) 79 (86 87)))
(((2 4 6 7) 13 (15 16) 18 (21 22 25 26) 28 (33 36 39)) 40 ((46 48 49 50 51) 55 (56 58 60) 65 (69 78) 79 (86 87)))
(((2 4 6 7) 13 (15 16) 18 (21 22 25 26) 28 (33 36)) 39 ((46 48 49 50 51) 55 (56 58 60) 65 (69 78) 79 (86 87)))
(((2 4 6 7) 13 (15 16) 18 (21 22 25) 26 (28 33)) 36 ((46 48 49 50 51) 55 (56 58 60) 65 (69 78) 79 (86 87)))
(((2 4 6 7) 13 (15 16) 18 (21 22) 25 (26 28)) 33 ((46 48 49 50 51) 55 (56 58 60) 65 (69 78) 79 (86 87)))
(((2 4 6 7) 13 (15 16) 18 (21 22 25 26)) 28 ((46 48 49 50 51) 55 (56 58 60) 65 (69 78) 79 (86 87)))
(((2 4 6 7) 13 (15 16) 18 (21 22 25 26)) 46 ((48 49 50 51) 55 (56 58 60) 65 (69 78) 79 (86 87)))
(((2 4 6 7) 13 (15 16) 18 (21 22 25 26)) 46 ((49 50 51) 55 (56 58 60) 65 (69 78) 79 (86 87)))
(((2 4 6 7) 13 (15 16) 18 (21 22 25 26)) 49 ((50 51) 55 (56 58 60) 65 (69 78) 79 (86 87)))
(((2 4 6 7) 13 (15 16) 18 (21 22 25 26)) 50 ((51 55) 56 (58 60) 65 (69 78) 79 (86 87)))
(((2 4 6 7) 13 (15 16) 18 (21 22 25 26)) 51 ((55 56 58 60) 65 (69 78) 79 (86 87)))
(((2 4 6 7) 13 (15 16) 18 (21 22 25) 26 (86 87) 65  79 ))
