(85)
(66 85)
(66 85 94)
(32 66 85 94)
(18 32 66 85 94)
((18 32 65) 66 (85 94))
((18 32 39 65) 66 (85 94))
((18 25 32 39 65) 66 (85 94))
((17 18 25) 32 (39 65) 66 (85 94))
((17 18 25) 32 (39 65) 66 (85 94 100))
((17 18 25) 32 (39 65) 66 (85 86 94 100))
((17 18 25) 32 (39 65) 66 (69 85 86 94 100))
((17 18 25 25) 32 (39 65) 66 (69 85 86 94 100))
((17 18 25 25) 32 (39 65) 66 (69 85) 86 (88 94 100))
((17 18 25 25) 32 (39 43 65) 66 (69 85) 86 (88 94 100))
((17 18 25 25) 32 (39 43 60 65) 66 (69 85) 86 (88 94 100))
((17 18 25 25) 32 (39 43 60 65) 66 (69 85) 86 (88 94 95 100))
((17 18 25 25) 32 (39 39 43 60 65) 66 (69 85) 86 (88 94 95 100))
((17 18 18 25 25) 32 (39 39 43 60 65) 66 (69 85) 86 (88 94 95 100))
((17 18 18 25 25) 32 (39 39 43 60 65) 66 (69 84 85) 86 (88 94 95 100))
((17 18 18 25 25) 32 (39 39 43 60 65) 66 (69 84 85) 86 (88 89 94 95 100))
((17 18 18 25 25) 32 (39 39 43 60 65) 66 (69 84 85) 86 (88 88 89) 94 (95 100))
((17 18 18 25 25) 32 (39 39) 43 (46 60 65) 66 (69 84 85) 86 (88 88 89) 94 (95 100))
(((17 18 18 25 25) 32 (39 39) 43 (46 60 65)) 66 ((69 84 85) 86 (88 88 89) 94 (95 97 100)))
(((17 18 18 25 25) 32 (39 39) 43 (46 60 65)) 66 ((69 83 84 85) 86 (88 88 89) 94 (95 97 100)))
(((17 18 18 25 25) 32 (39 39) 43 (46 57 60 65)) 66 ((69 83 84 85) 86 (88 88 89) 94 (95 97 100)))
(((17 18 18 25 25) 32 (39 39) 43 (46 57 60 65)) 66 ((69 83 84 84 85) 86 (88 88 89) 94 (95 97 100)))
(((17 18 18 25 25) 32 (39 39) 43 (46 57 60 65)) 66 ((69 83 84 84 85) 86 (88 88 89) 94 (95 95 97 100)))
(((17 18 18 25 25) 32 (39 39) 43 (46 57 60 65)) 66 ((69 79 83) 84 (84 85) 86 (88 88 89) 94 (95 95 97 100)))
(((17 18 18 25 25) 32 (39 39) 43 (46 57 60 65)) 66 ((69 79 83) 84 (84 85) 86 (88 88 89) 94 (95 95 97 99 100)))
(((3 17 18) 18 (25 25) 32 (39 39) 43 (46 57 60 65)) 66 ((69 79 83) 84 (84 85) 86 (88 88 89) 94 (95 95 97 99 100)))
(((3 17 18) 18 (25 25) 32 (39 39) 43 (46 57 58 60 65)) 66 ((69 79 83) 84 (84 85) 86 (88 88 89) 94 (95 95 97 99 100)))
(((3 17 18) 18 (25 25) 32 (39 39) 43 (46 57 58 60)) 65 ((69 79 83) 84 (84 85) 86 (88 88 89) 94 (95 95 97 99 100)))
(((3 17 18) 18 (25 25) 32 (39 39) 43 (46 57 58)) 60 ((69 79 83) 84 (84 85) 86 (88 88 89) 94 (95 95 97 99 100)))
(((3 17 18) 18 (25 25) 32 (39 39) 43 (46 57)) 58 ((69 79 83) 84 (84 85) 86 (88 88 89) 94 (95 95 97 99 100)))
(((3 17 18) 18 (25 25) 32 (39 39 43 46)) 57 ((69 79 83) 84 (84 85) 86 (88 88 89) 94 (95 95 97 99 100)))
(((3 17 18) 18 (25 25) 32 (39 39 43 46)) 69 ((79 83) 84 (84 85) 86 (88 88 89) 94 (95 95 97 99 100)))
(((3 17 18) 18 (25 25) 32 (39 39 43 46)) 79 ((83 84 84 85) 86 (88 88 89) 94 (95 95 97 99 100)))
((3 17 18) 18 (25 25) 32 (39 39 43) 46 (83 84 84 85) 86 (88 88 89) 94 (95 95 97 99 100))
